Assignment: GS 540 HW3
Name: Tanush Goel
Email: tgoel02@uw.edu
Language: Python
Runtime: 1 minute 25 seconds

Nucleotide Histogram:
A=537381
C=334523
G=338691
T=535785
N=0

Background Frequency:
A=0.3073
C=0.1927
G=0.1927
T=0.3073

Count Matrix:
-10 602 53 777 188
-9 546 73 793 208
-8 606 71 688 255
-7 633 134 487 366
-6 637 129 397 457
-5 747 167 267 439
-4 702 189 209 520
-3 708 286 305 321
-2 638 255 209 518
-1 542 320 215 543
0 1478 1 73 68
1 0 0 0 1620
2 5 2 1612 1
3 861 133 377 249
4 560 572 141 347
5 828 125 130 537
6 813 216 306 285
7 805 240 149 426
8 744 148 179 549
9 705 253 303 359
10 619 268 177 556

Frequency Matrix:
-10 0.3716 0.0327 0.4796 0.1160
-9 0.3370 0.0451 0.4895 0.1284
-8 0.3741 0.0438 0.4247 0.1574
-7 0.3907 0.0827 0.3006 0.2259
-6 0.3932 0.0796 0.2451 0.2821
-5 0.4611 0.1031 0.1648 0.2710
-4 0.4333 0.1167 0.1290 0.3210
-3 0.4370 0.1765 0.1883 0.1981
-2 0.3938 0.1574 0.1290 0.3198
-1 0.3346 0.1975 0.1327 0.3352
0 0.9123 0.0006 0.0451 0.0420
1 0.0000 0.0000 0.0000 1.0000
2 0.0031 0.0012 0.9951 0.0006
3 0.5315 0.0821 0.2327 0.1537
4 0.3457 0.3531 0.0870 0.2142
5 0.5111 0.0772 0.0802 0.3315
6 0.5019 0.1333 0.1889 0.1759
7 0.4969 0.1481 0.0920 0.2630
8 0.4593 0.0914 0.1105 0.3389
9 0.4352 0.1562 0.1870 0.2216
10 0.3821 0.1654 0.1093 0.3432

Weight Matrix:
-10 0.2743 -2.5586 1.3152 -1.4047
-9 0.1335 -2.0967 1.3446 -1.2588
-8 0.2839 -2.1368 1.1397 -0.9649
-7 0.3468 -1.2205 0.6412 -0.4436
-6 0.3559 -1.2753 0.3464 -0.1232
-5 0.5857 -0.9028 -0.2259 -0.1812
-4 0.4960 -0.7243 -0.5792 0.0631
-3 0.5083 -0.1267 -0.0339 -0.6329
-2 0.3581 -0.2922 -0.5792 0.0575
-1 0.1229 0.0354 -0.5384 0.1255
0 1.5701 -8.2865 -2.0967 -2.8718
1 -99.0000 -99.0000 -99.0000 1.7025
2 -6.6374 -7.2865 2.3681 -8.9593
3 0.7906 -1.2313 0.2719 -0.9993
4 0.1700 0.8733 -1.1470 -0.5205
5 0.7342 -1.3208 -1.2642 0.1095
6 0.7078 -0.5317 -0.0292 -0.8045
7 0.6936 -0.3797 -1.0674 -0.2246
8 0.5799 -1.0771 -0.8027 0.1414
9 0.5022 -0.3036 -0.0434 -0.4714
10 0.3145 -0.2205 -0.8189 0.1597

Maximum Score: 17.707171292967562

Score Histogram CDS:
-9 2
-8 1
-7 1
-4 4
-3 3
-2 8
-1 13
0 34
1 24
2 37
3 67
4 86
5 112
6 139
7 167
8 193
9 196
10 198
11 167
12 86
13 56
14 20
15 6

Score Histogram All:
-6 1
-5 3
-4 41
-3 325
-2 870
-1 2309
0 12183
1 11173
2 13572
3 15282
4 15946
5 14365
6 12238
7 9108
8 6079
9 3254
10 1559
11 671
12 198
13 32
14 8
lt-50 5671951

Position List:
2650 1 11.086555771353487
3593 1 10.869261941741408
4435 0 13.083879516782721
4775 0 11.235716850075507
5446 0 10.889111334707065
8640 0 10.034405793518781
8672 0 11.33829970055915
9437 0 11.2263546550934
10745 0 10.00674080955213
14198 0 10.783300593320662
14880 0 11.939115690884938
16577 0 11.181139501551254
19194 1 10.210463402851241
20321 0 10.06917182293113
26322 0 10.06917182293113
27838 1 11.128257229828371
29838 1 10.014309088337656
31020 1 10.638471988407819
32411 0 10.965287257209479
34037 1 10.128452964092613
34306 0 11.71953232823608
34603 0 10.025461877167013
34615 1 10.769889188355622
41395 1 10.16084387282303
42006 0 13.120708700374657
44250 1 10.661615917635052
44975 1 10.94711785785756
50004 1 10.084247419579787
50593 1 10.053448307324484
51076 1 10.640996393065024
51326 0 11.183628856501807
51399 1 12.946068290297786
53164 0 10.725248618867385
53492 0 12.189610064219158
54166 0 10.799671053093817
55431 0 13.091098278018151
55891 0 10.998182019517003
56216 0 10.675023307585926
56650 0 10.76727259069974
58373 0 10.772383914724994
58808 1 10.540709990542132
62672 0 11.730205555243105
63982 1 10.521140262746576
64160 0 13.522848830216617
67569 0 13.558033613176882
69006 0 11.624868605960964
70087 0 10.871504957104557
70299 0 10.969998361577773
71047 0 12.662961818042511
73319 0 12.7914141875692
73517 1 12.757153402458531
73533 1 10.061712151058522
73716 0 12.254559341213719
75627 0 11.12539965090863
76761 0 11.622554329956904
77573 0 11.343664314283428
79475 0 11.181139501551254
79897 1 10.270655084770098
83219 0 10.06917182293113
93009 0 10.954061616058386
94831 1 11.218374967236887
95894 1 10.208355421448136
98703 1 12.615180422357223
101924 0 11.017713939276584
104776 0 10.25181942351323
105493 1 11.669122730391765
106637 0 11.53991904254038
108843 1 11.34444907479225
109205 0 10.579222008876249
109603 1 11.53392626571583
112154 0 10.360968723657868
112494 0 10.011046316470821
113227 1 12.288621736073447
115211 1 10.798726505826568
117124 0 11.830508105188601
118965 0 12.471056535138613
119508 0 15.486163543948996
119830 1 12.834745984690962
119902 0 10.256236209206717
120558 0 10.297028436695145
121869 1 11.8152046580562
123006 0 11.212144546962293
123090 1 11.499737553506575
123632 0 13.818250281721571
124902 0 11.950360065316625
128345 1 10.853040209667803
129087 0 10.566735602865682
129524 0 11.344965873267112
133407 0 11.343725524802515
134648 1 10.2871435708299
136188 1 11.021273114882126
140373 1 10.254957760833609
142815 1 10.599979762716593
146427 0 10.290066853307335
146950 0 10.806382470042447
150312 0 10.065240404864877
150465 1 11.382233087035855
152370 0 10.95660125852949
154572 1 12.016510837441825
156359 0 10.605539622302471
159100 1 11.629130712040293
161274 0 12.66625234495092
161331 0 10.270117201044437
162251 0 13.51797796340845
162331 1 10.036459531032541
164662 1 11.401520148316107
166711 0 11.584627371917906
166954 0 10.254223909724617
168290 0 11.320658329753766
169856 0 12.621526927029157
173676 1 10.100487686787872
175411 0 10.061859016324156
176347 0 11.21118408013823
177026 0 10.804154998383385
178701 0 10.112529585600209
181577 1 10.487785311869427
187115 0 10.29289565509265
187584 1 11.731141547097073
190311 0 11.550738262777989
192462 0 11.231748476610864
195768 0 13.099849182114923
198837 0 10.607268396063176
198902 1 10.214482764662744
199898 1 10.06668512409024
200677 0 14.133315240026427
200901 1 10.772565960433464
202791 1 10.154231972235076
207921 1 11.678779103233111
208325 0 10.02768735651453
209275 0 11.515626174883282
209890 1 10.613213814308198
209919 1 10.384331633050165
210463 0 11.904422602057945
212124 0 11.003391587896424
213060 0 10.942623725425808
213308 1 11.78158019174902
216318 0 10.788824432682611
217660 1 15.444480831612267
221419 0 14.132802063818481
222507 1 10.517882036431732
222624 0 10.060305041729118
222716 1 10.320246315805402
222834 1 11.603697857450577
224616 0 10.498517627916947
230468 0 10.289460598195689
230611 0 10.262562054097256
231519 0 10.298359718938297
233975 0 12.095161519506648
234082 0 12.416409347702237
235357 1 14.491050533432958
236073 0 11.5771000831324
237064 0 11.716919792789922
239117 0 11.48571554243306
239982 0 12.631453543505142
241234 1 10.83664498670653
241704 1 10.747707443489572
242960 0 11.071669787119275
245245 1 12.775521475799959
246757 1 10.107276870670864
248606 0 10.73756791249466
248718 1 10.909254320515705
249347 0 10.260112918744838
249477 0 13.40183863941947
250532 1 10.779260623975176
251914 0 14.614339074409502
252977 0 10.341757545364706
253197 0 11.420075706303088
254618 0 11.181139501551254
255819 1 11.181139501551254
258362 0 10.06917182293113
259563 1 10.06917182293113
260185 0 12.613736793313738
260791 0 11.592686266980158
261386 1 12.613736793313738
261685 0 10.919198473893589
261992 1 12.57128729737516
262838 0 11.560766485716341
264119 0 10.382077536446989
264216 1 10.201156833891716
264352 1 11.503993782686514
267046 0 10.588293401596927
267125 1 11.835871868852534
267137 1 10.334168070742534
267563 1 10.440698503329015
269113 0 10.314144842544456
270863 0 10.761245196214004
271251 0 10.755343975900338
271694 0 11.601614449491663
272303 1 11.532723069108853
272906 1 10.8092489197223
275857 1 10.016056937475316
277585 0 10.13223153390451
278203 0 12.799130450370544
279458 0 10.193259652876968
282610 1 10.679665203664166
282622 1 12.211564033749992
283270 1 10.930094235734991
283273 0 10.063803897455143
283499 0 13.231688998829744
284710 1 10.18717150594827
285140 1 10.354483845620333
285588 0 10.697805212624722
285857 1 11.721479454323518
287628 1 10.297317985138465
288417 0 10.034743932469429
290358 0 11.359805693036316
290937 0 12.023497472619832
292502 1 10.853761943944992
296412 0 10.153456080410406
299255 1 11.649185919314716
301041 0 13.331336014815577
303730 1 10.24654786140167
306490 0 11.52754460324403
307060 0 10.274235703014865
308483 1 10.054632437114304
308719 0 10.178915681154733
310540 1 11.38698515474163
311136 1 10.28095101078423
311378 0 10.008756290570147
314726 0 10.441510545555884
314785 1 10.133358045964089
315307 0 12.042984246641339
317625 1 10.50472286887753
318225 0 10.667636230081294
318537 0 12.254032796608334
319193 0 11.781583662385161
322018 1 10.644770425533654
322030 1 10.62487244439597
324894 0 10.473422097907912
325096 0 12.29503745854462
325857 0 11.227020568263828
326279 0 10.278367625820312
327225 0 10.051231858103801
328245 0 12.670124655364132
328394 0 12.692606268458759
328656 0 10.060620221123147
328988 0 11.073313447989491
330721 0 14.483452884145112
331974 0 10.639172890553478
332183 1 10.11238084652882
332262 0 11.32871687165797
332747 0 10.104360522004015
333546 0 10.523897191149773
333727 1 10.43053544568438
335676 0 10.220842050837204
336987 0 11.972798615583002
337187 0 13.02016025837782
339046 0 10.536898554621008
339374 1 10.150655232733044
339860 0 11.670942408409623
340703 0 11.077835981450724
341180 1 11.626870409166578
342196 0 10.906890216224513
342497 0 12.673000144855497
342900 0 12.484488128239004
345475 0 11.659507696384814
345873 0 12.689121334969403
346404 0 11.697265955335135
346711 0 11.116529930316892
346847 0 10.850685045568232
347418 0 10.79359352325211
348657 1 10.780975339966012
349036 1 10.591323703464498
349803 0 10.426236883092425
351388 0 10.798995060341998
351833 1 10.62698620688156
352670 0 10.779888267374687
353063 1 14.28969931177257
353529 0 14.74229855299115
356548 0 10.897284897107035
356732 0 12.457377059782683
356979 0 10.128290729539136
357893 0 11.95224924547151
359437 1 10.664467425558632
360046 0 10.974560932017521
362425 1 10.77692567720833
362705 0 10.254521899951078
365446 1 10.986272144968584
366903 1 10.342919475041926
367165 0 13.830403303332014
367722 0 10.401871134041588
368325 0 12.689064307095588
369518 1 10.743712042031225
373885 0 10.394168336975001
373896 0 10.022045217810943
374065 0 10.12438205651951
374429 0 10.309555735745269
377304 0 12.604735474019005
377317 0 10.82201838379638
378283 0 11.894870211574641
379370 0 11.18959870900422
381474 1 10.013567072722642
382046 1 11.559877961610862
382358 0 10.152588326873136
382616 1 10.594126687940125
389554 0 12.007778280741018
390413 0 13.03615331969082
393946 1 11.44175038442448
394243 0 10.07211335259651
395727 0 11.995638682004317
395795 1 10.976334711533537
398444 1 10.328134230511523
401132 0 10.563099069868901
401368 0 11.040814573250492
401372 1 10.669139743982601
401377 0 10.199259035597835
404473 1 10.066136967688069
406153 0 11.040760971493238
407392 1 10.828801267771112
408597 1 10.280818287611758
411025 0 13.443973300733512
413452 1 11.470082965010608
414714 0 10.477058826322697
415294 0 14.562238524692617
416731 0 11.088675970000455
416928 1 10.365236997969319
419225 0 11.722052802181224
420943 1 10.270556118104416
421333 1 10.580640807151612
422202 1 11.418393916774251
425026 0 11.356651608432369
425451 0 10.120112247508425
425757 0 10.211836078099333
426431 0 10.123313975994877
426447 0 10.033959021433223
427375 0 10.896896734996599
430600 0 10.118723961160644
431682 0 11.660075600229746
432042 0 11.257498148807612
432545 0 10.966259976159266
438677 0 10.714038999766377
445120 1 10.184716944363709
445485 0 10.546503832945108
445536 1 12.253734386840309
447941 0 13.295298917572671
449390 0 12.238546335823957
453830 0 11.134571957119963
455385 0 12.231598861741336
455498 1 10.458385216860137
455906 0 10.03903809712411
458151 0 11.723008113733114
460841 1 10.733401417198424
461652 0 10.351149641260541
462058 0 12.524405024811097
462494 1 11.348311491505699
462498 0 11.119350521374441
462509 1 10.87137035573913
463047 1 11.234107116861997
463512 0 11.748729442504386
464686 0 12.27415032835369
466013 0 11.22895411615972
466599 1 11.675679079349896
467015 0 10.609530730835468
472569 0 10.29408593355648
473804 0 12.192459657815169
475857 1 12.394484315304984
477719 0 12.239531124154718
477833 1 10.458070106673947
478444 0 10.250882294596337
480642 1 11.376351951007326
481591 0 10.570076015311297
481805 0 10.152513752939418
483592 1 11.348285852273294
485191 1 10.044218205664347
485277 1 10.030777871211273
485576 0 10.771316327355287
487670 1 12.450931898644289
488616 0 11.847042730018474
488916 0 10.157162071230042
492162 0 12.492208840115916
493941 0 10.87731256440836
494896 0 10.169880815271695
498626 0 10.897281979136872
498648 0 11.267983956557792
500186 0 13.189913847497127
501806 0 10.658765008712448
503210 0 10.899715332966055
503537 1 11.373316982570405
507535 0 10.236508622081958
508597 1 10.792459886170377
508646 0 12.545874510491744
508679 0 10.870149175771646
510443 0 10.226090920078938
512138 0 10.512078453088723
512513 0 12.03709715134782
512729 1 10.35484837438237
513209 0 10.607894630272876
513284 0 10.671318440075508
517569 0 10.263743708139812
519032 1 10.295002591385655
522146 1 10.017957503812774
522583 0 10.872215092199195
524300 0 10.674632161929758
525333 0 13.215992178334204
525414 1 10.64415685552602
527696 1 13.609264156056172
527779 0 13.040755360418263
531149 0 10.746129767483904
532822 0 14.937086861303534
533709 0 10.581015689476969
535186 0 10.817394750379592
538417 1 10.338784208791312
539473 1 10.334727429763516
545721 0 10.06917182293113
546170 1 10.96165180774551
549008 0 10.162387012442938
552567 0 11.375875437931729
554943 0 12.00053641986362
558217 0 14.30377828680618
561877 1 10.250075089391268
563235 1 11.704434792747499
564154 0 10.104051435893581
565114 0 13.531352240698775
565897 0 10.447948256490108
566353 0 10.141373773055406
567681 0 10.505398310607776
571695 0 12.251019718257362
576362 0 11.253742422160416
577347 0 10.442968830035316
577510 0 10.81932120967249
579127 0 11.166409834175358
583528 0 11.918608393120394
585591 1 12.55253895197294
585767 1 10.254221490235924
587463 0 10.361004076497235
587572 0 11.244507939719632
587621 0 10.936882677764613
588181 0 10.334916449026611
588588 1 13.5767208016334
589012 1 10.727172050245736
590385 0 10.49734021088088
591108 0 11.945884588573938
597443 1 10.349146084116315
600745 0 10.50042952379237
600859 0 10.82541392520629
602042 0 11.73767769081246
603646 0 10.177098723226228
604903 0 12.490781213325805
605472 1 12.242003510847134
606166 0 11.07481320946143
608284 0 11.409313339691789
608288 0 10.695542387330722
611164 0 11.844989547905652
613638 1 12.12758088609517
613803 0 11.023829451590226
614495 1 12.70530245437103
614680 0 10.432827502925383
616233 0 11.753210055533062
621244 0 13.567997461045623
622733 0 10.283031966623756
623991 0 11.039968049393895
624645 0 12.05720393478788
625996 0 11.74216493737504
626071 1 11.02926497755528
627712 0 11.62666384899644
630528 0 11.910211511169681
631820 1 11.805066700961014
631841 1 10.460025856748885
633044 1 10.549323571297464
635167 0 11.382590475649963
636194 1 13.511953280972056
637148 1 11.652048525903975
637575 1 10.530009220089617
640740 0 11.517469123547432
641966 0 11.876973307454024
643065 0 13.028195876576985
643269 0 10.201628449008268
644834 1 10.679344252796685
645709 0 10.684504470178782
646615 0 10.282094545340964
647062 0 12.021080332742818
647284 0 13.571273250321632
648450 0 11.119964024910885
648849 0 10.375121359027546
650102 0 11.18176174246115
651407 0 10.44759839171953
651722 0 10.035723001583943
655515 0 10.564944271806919
655722 0 10.425179318239563
656227 0 15.302090559749585
656893 0 12.421426119390354
658165 0 10.402705712693944
660403 0 10.624281327740752
662817 0 10.695964463419896
666034 0 10.764915209359273
666414 0 10.551891899763172
674634 0 10.44532937291231
675558 1 10.684617379394039
677368 1 10.535304216461174
679025 0 13.57122817572754
681834 0 13.286457762869125
683103 0 10.408351940205666
683162 1 10.075993509106603
683541 0 10.85538769868705
684015 0 11.973598420095911
684381 1 10.724432798819986
691117 1 10.252747422843424
694703 1 11.570889665509686
696442 1 10.085509936383147
697965 1 10.062896022818771
698208 0 10.201853902766784
699109 0 12.004303852633218
703762 1 10.030629491516903
705144 0 11.129364518332226
706669 0 11.833772494221735
710706 0 10.357125758461223
711132 1 10.980441154360046
713186 0 10.351754567114128
713479 1 12.43738634154568
715398 0 11.345863456333074
716586 0 12.62482504369354
719581 1 10.535979792598402
722793 0 10.822922936491748
723492 0 11.773427673376627
726535 0 10.73821191678004
727398 0 11.454740605793107
728933 0 10.714111211309236
729573 1 10.260578591596119
729761 0 11.070635533578907
731381 1 10.466453623792944
736271 1 10.223241123343707
739911 0 10.408659490615424
739974 0 10.90171645404415
740979 1 11.22221962069029
744473 1 11.718488882918297
745021 0 10.163423842544239
745800 0 11.287781365609082
745853 1 11.300455995865088
747572 0 10.264277025673206
748601 0 10.238795787506463
751077 0 12.557560191608857
753332 0 12.64490499233011
753514 1 10.929560415528524
753577 1 11.784255269635047
755466 1 10.94935505680298
755560 1 10.352658983789286
761035 0 10.771245480697418
761135 1 10.019828981653234
764856 0 10.848647011452822
764867 1 10.087062782630857
765569 0 11.113315921362592
769266 0 10.036870670760013
769490 1 12.791664629531134
774113 0 11.943923121122818
775321 1 11.532736614290675
775461 0 10.238495571015395
776251 0 10.061721496148287
776684 0 11.166884682752285
777103 0 10.09330862975376
777837 0 12.286514677547828
778130 0 10.628827167395338
778677 0 10.010849122631125
778940 1 10.434422310423011
779240 1 10.781809991944566
780060 0 10.832152713209297
780597 0 12.368481654086938
781276 0 11.531252316562375
781776 0 10.436956287737138
782691 0 10.874956400898922
783995 1 10.154274961372563
784181 1 10.585081550735913
784320 1 10.667839706254446
785345 0 12.804799963518612
786528 0 12.247271333048756
787256 1 10.88125062479905
787319 0 10.550866749286824
787591 0 10.115174531467744
788402 0 10.03745167809636
789696 1 11.035896837170487
789794 0 10.974560932017521
790964 0 15.656432347085117
793010 1 10.527872116590675
796751 1 10.926216796764109
797461 1 10.25021855448404
797750 1 10.575738918277379
800905 0 10.048530797341463
804348 1 11.151461917763228
804883 1 10.111171955938769
804969 0 10.022429069983293
805606 0 10.079773670079417
805981 1 10.449318407200318
806486 1 10.3042774695407
807476 1 10.472630302236425
807655 1 10.906152427759588
808107 0 11.390053481859926
812457 0 10.127220269079801
813231 0 11.530935174770333
816246 0 11.173254777974934
817037 0 12.715012617763206
818021 0 14.840639856801996
819319 1 10.190158341651369
822572 0 10.166170123430794
826855 0 10.01567756786655
827589 0 10.100092288066113
828089 0 12.518548387887519
830503 0 11.559317154749506
830509 0 10.507940474346704
831380 0 11.104952685777864
833208 0 12.582007621889232
833823 0 10.133129464985576
834024 0 12.1063163353987
836288 0 10.155475264100179
836544 1 10.490919509645632
838592 0 12.588924765568198
838827 1 11.109636260694316
838845 0 10.004841943115308
840226 1 10.447961028097174
840391 0 11.79957190225438
841949 1 10.29079273767377
842184 0 13.869892913094827
842803 1 10.081798898038045
842852 1 11.102224372164114
844056 0 10.701673573322664
844975 1 10.65083590796085
846047 0 11.129185298251482
846627 0 12.073259682077088
850113 1 11.038021692393185
851114 0 10.032690831027226
853641 0 11.273645507446101
855877 0 13.825161212339966
855917 0 10.444164602964639
856222 1 10.73711855610429
857598 0 10.214046878405282
858516 1 12.326520007337303
858853 0 11.54073018837224
859082 0 10.150016728270709
859521 1 10.700478602552492
862899 1 10.755526464696935
865764 0 10.873730763574224
866455 0 10.103113089342878
868364 0 11.072317408061325
868640 0 10.15149790438248
873742 0 10.654321936590662
878651 0 10.520676497463333
878784 0 10.468975224302602
889152 0 11.063013639318035
896488 1 11.300080311431147
902673 0 10.420553593345742
907037 1 10.601265710110772
908041 1 10.334958859923805
914719 0 12.1986129714489
915711 0 10.373917865783795
917521 1 10.277648188940116
923146 1 10.1460298262013
926333 1 10.281540723856285
933277 0 10.260183138772357
934133 0 10.340644854470886
936089 0 10.985132980490677
937342 0 11.41896085480603
938198 0 10.327405209234852
938997 0 10.714357864632666
939631 0 11.059766153762444
943529 0 10.970397232663549
944555 1 10.741420342908455
944972 0 12.388820723551085
947233 0 10.259651484116526
947351 0 12.162401187588822
950048 1 12.48616798159254
950147 1 10.05175403272899
958347 0 10.044446693993383
958983 0 10.77521106508988
959149 0 11.06408197067344
959364 0 10.436163836407983
969134 1 10.275641625149698
975178 1 12.765025421927538
976314 0 12.268577141288093
976767 1 11.795873840556546
979203 1 10.251773366346907
980780 1 10.08349270728303
986282 1 10.869261941741408
990349 1 10.289237412866017
992449 1 10.165287617330288
995597 0 12.410160916450403
1000499 0 10.653456293082508
1004140 1 10.547416554993234
1005609 1 12.020797832732702
1010549 0 12.125448592909649
1015468 0 10.355456279768024
1016535 1 10.319002689845114
1016746 1 11.227366407784947
1019588 0 11.487556515274532
1020306 0 10.836107978605952
1022613 1 10.991198657131491
1024413 0 13.779657723557008
1029058 0 10.718115369012335
1031052 0 11.134851483182482
1033621 1 12.505821612370656
1036279 0 11.12408192723682
1038651 1 10.262435073927668
1039424 0 11.00932478942942
1040208 0 10.159184476831301
1045853 0 10.356356184657995
1063294 0 10.037911305250246
1070125 0 10.930959340093027
1071839 0 10.973798978810521
1076096 1 13.058054017989761
1077972 0 11.328377378405623
1078057 0 10.304083856614216
1078075 0 10.294289066270279
1079656 0 12.81070845070046
1083521 1 12.616208019441867
1084847 0 11.04135862581078
1088393 0 10.292244085387743
1094850 1 10.161820629439985
1099717 0 11.8025515953393
1101021 0 11.585232873689664
1103908 0 11.04243139815381
1111285 1 10.08378817437274
1114189 1 11.779128734266758
1125041 0 12.146431597339356
1127966 0 10.536758824444457
1134624 1 10.409883805324213
1135581 1 12.370430846846268
1142725 0 10.2427365607203
1143528 1 10.787153224261315
1144971 1 10.1427046684919
1149649 0 12.371919865780429
1155639 0 11.209872496882534
1160124 0 11.11758931819842
1161409 1 10.03282471390991
1167448 0 10.470599065908754
1168878 0 13.593628313557723
1169665 0 11.75843943921456
1170906 0 10.23133984857002
1171070 1 10.349715596219665
1172153 1 12.980533237769956
1174648 0 10.206596177785958
1176509 1 11.299510417133968
1178444 1 11.847173922835237
1193131 1 11.722062395156296
1193673 0 10.026543262198697
1197210 1 10.424562700921072
1197275 0 10.754582929804535
1202005 0 10.113363069618579
1204051 0 11.736505837564291
1209312 0 10.41343798567327
1213297 0 10.217078832806129
1213363 1 13.07931055749239
1229751 0 10.07503147767518
1231861 0 10.309328043900756
1237659 1 12.955632689242039
1242669 0 11.907456780076432
1242734 0 10.30964862913313
1243176 0 10.687441674089765
1245813 1 11.149373759159387
1251034 1 12.17503570439053
1251281 0 10.690423884706876
1252476 1 10.73105187524789
1253038 0 10.13661004781418
1261630 1 11.43092493834194
1267376 0 10.113725587757886
1268628 0 11.855173469608703
1269104 0 10.003836566315897
1271254 0 13.183097297607278
1277709 1 11.914483455856193
1282552 0 10.02142930671855
1284852 1 11.466166949105968
1286121 0 12.385078421041317
1289148 0 10.225403257147796
1289316 1 10.624836786808329
1297537 0 10.737599004242515
1304314 0 10.80421485656344
1305020 0 10.237852628970897
1306363 1 10.350649114051146
1313651 0 10.170553427178618
1323135 0 11.805442661364888
1334054 0 10.242532909024055
1339441 1 11.214778587326979
1341620 1 10.854130448229828
1344866 0 11.613322722843689
1345394 0 10.398542082801521
1346387 0 10.911137261186873
1346676 0 12.006811439483828
1346827 0 11.785609586553637
1349018 0 11.82895648347923
1349994 0 10.46864030005512
1350945 1 13.253309320464792
1351214 1 10.160621413827409
1353042 1 10.139873397613053
1355748 0 12.339282950402543
1356043 1 10.184019472212999
1357829 0 10.854209263148343
1358077 0 13.906002363205102
1360356 0 13.026120605188927
1383922 0 13.131356335568945
1385394 1 11.581552580127438
1395939 0 12.102088134598375
1396219 0 11.739431062456312
1396228 0 11.493456490334745
1397999 0 14.511811574663023
1398100 0 11.779340646589304
1401738 0 10.18195515484208
1419796 1 12.124316864096146
1423744 1 12.963345206036502
1423931 1 11.492917060913761
1425621 0 11.721175169615108
1428529 1 11.739766803508005
1433022 1 10.349142699380073
1437318 1 10.530904121909522
1444387 0 10.999583828579507
1444418 0 10.317978380384123
1446543 0 10.318985159956178
1447017 0 11.128459322007954
1453432 1 11.488970777911058
1454253 1 10.316360435145869
1467704 0 11.149373866879513
1470323 1 12.905274501966959
1483722 0 10.07503147767518
1483863 1 10.586710253370034
1492116 0 12.380778662964493
1495107 0 12.740441054126201
1496313 0 10.170196254771902
1499039 1 10.3194954014157
1499044 1 10.421221293841265
1505957 0 11.644006464461624
1507609 1 11.35803988617049
1509941 0 10.072367350923827
1513079 0 13.058550634006451
1514976 0 10.614652969427167
1542475 1 10.93741900778429
1543880 1 10.551532014233265
1544502 0 11.355912504453153
1545183 0 10.431135396261293
1554190 1 10.425728264790877
1554681 0 11.735108447336419
1556208 1 12.409044728775747
1561552 0 10.793607995136952
1563463 1 10.544056303460867
1563615 0 10.269095672286905
1564552 1 13.296150036796101
1567548 0 11.09886588098949
1568007 0 11.190965901892602
1573937 0 11.41785698701502
1578082 0 10.707184055305342
1578915 0 12.955780634237955
1580949 1 11.262911695808794
1591358 1 12.548058778944057
1599980 0 11.100490134720241
1609006 0 10.764431052757706
1621286 0 10.769763713237252
1625246 0 10.294104475912354
1628308 0 10.582917247185343
1630798 0 10.10628131256116
1635368 0 11.62738585150712
1637987 0 11.220899564808905
1639657 0 10.317071025186586
1642460 0 10.278664790960693
1643231 0 10.884407959386392
1643252 0 12.889396630318316
1646501 0 13.471457427043152
1648671 0 13.089879608417592
1655830 0 10.130843833029974
1656799 1 10.207309457823364
1657501 1 10.034305002866732
1661867 0 11.358940010642415
1664820 0 10.211190928461043
1671538 1 10.306257293003394
1672132 1 10.139719418163267
1686724 1 10.598698302139304
1688371 0 10.16267652446829
1688866 0 12.797735522947983
1689316 1 10.013699093617506
1689986 1 10.320818122763692
1694537 0 10.07263246860169
1695163 0 13.966518233012
1695552 0 10.32481056730814
1697290 0 10.731947184876951
1698221 0 12.158127078433743
1700513 1 10.910813081924976
1703161 0 10.469810209762285
1716101 0 10.037787499467795
1718608 0 11.434951394245264
1721618 0 10.441006714439306
1726296 0 12.301669447832516
1727407 0 10.83446556366657
1728711 0 10.144991329913966
1728797 0 11.250482344619313
1736337 0 10.231295620971316
1741308 0 11.78161945807177
1744060 0 10.274357993396265